\begin{tabular}{lrrrrrrrrr}
\toprule
{} &    GerpRS &  GerpRSpv &   rareVar &  commonVar &  fracRareCommon &  numTFBSConserved &  ISCApath &  DGVCount &  dbVARCount \\
\midrule
CpGperGC            &  0.056556 &  0.000488 &  0.134621 &   0.063460 &        0.038953 &          0.383121 &  0.011618 &  0.026406 &    0.024047 \\
CpGperCpG           &  0.055932 &  0.000520 &  0.133846 &   0.058562 &        0.040168 &          0.392794 &  0.011092 &  0.024811 &    0.022916 \\
CpGobsExp           &  0.059149 &  0.000497 &  0.137292 &   0.066127 &        0.038902 &          0.391781 &  0.011463 &  0.024924 &    0.023433 \\
GCContent           & -0.036415 & -0.028265 &  0.260493 &   0.108004 &        0.072976 &          0.186987 &  0.013465 &  0.032376 &    0.062355 \\
EncH3K27Ac          &  0.000365 &  0.000304 &  0.006098 &   0.000442 &        0.003706 &          0.009695 & -0.001168 & -0.002358 &   -0.001592 \\
EncH3K4Me1          &  0.003798 &  0.002615 &  0.045543 &  -0.001319 &        0.034423 &          0.053657 & -0.014806 & -0.023699 &   -0.013131 \\
EncH3K4Me3          &  0.001880 &  0.000729 &  0.019423 &   0.000571 &        0.012757 &          0.027426 & -0.005516 & -0.002331 &   -0.005436 \\
verPhyloP           &  0.173495 &  0.043417 & -0.152450 &  -0.097337 &       -0.014872 &          0.015675 & -0.018612 & -0.039930 &   -0.030655 \\
mamPhyloP           &  0.090515 &  0.027894 & -0.136979 &  -0.092523 &       -0.009181 &          0.009378 & -0.016460 & -0.033885 &   -0.028077 \\
priPhyloP           &  0.075197 &  0.024037 & -0.126189 &  -0.084919 &       -0.007937 &          0.012500 & -0.013552 & -0.033293 &   -0.022880 \\
priPhastCons        &  0.355666 &  0.034856 & -0.059895 &  -0.058606 &        0.023664 &          0.024998 & -0.024002 & -0.034368 &   -0.035545 \\
mamPhastCons        &  0.364785 &  0.031307 & -0.044392 &  -0.047818 &        0.022463 &          0.023251 & -0.021362 & -0.027514 &   -0.030713 \\
verPhastCons        &  0.353821 &  0.032962 & -0.025931 &  -0.025838 &        0.012097 &          0.024888 & -0.014300 & -0.013457 &   -0.020906 \\
DnaseClusteredHyp   &  0.076459 &  0.008044 &  0.036711 &  -0.016522 &        0.045178 &          0.526379 & -0.008655 & -0.013197 &   -0.005043 \\
DnaseClusteredScore &  0.080484 &  0.009347 &  0.007876 &  -0.021766 &        0.033182 &          0.422202 & -0.006329 & -0.017642 &   -0.002073 \\
Fantom5Perm         &  0.005280 &  0.000475 &  0.007863 &   0.000295 &        0.004056 &          0.080633 & -0.000288 & -0.000117 &   -0.000751 \\
Fantom5Robust       &  0.005202 &  0.000470 &  0.007829 &   0.000280 &        0.004031 &          0.080530 & -0.000294 & -0.000120 &   -0.000761 \\
GerpRS              &  1.000000 &  0.001163 & -0.035083 &  -0.051062 &        0.035638 &          0.053029 & -0.017348 & -0.030078 &   -0.024249 \\
GerpRSpv            &  0.001163 &  1.000000 & -0.014305 &  -0.012154 &        0.003480 &          0.005004 & -0.004767 & -0.008968 &   -0.007946 \\
rareVar             & -0.035083 & -0.014305 &  1.000000 &   0.433855 &        0.303640 &          0.074661 &  0.007238 &  0.061436 &    0.039885 \\
commonVar           & -0.051062 & -0.012154 &  0.433855 &   1.000000 &       -0.455384 &         -0.001288 &  0.056382 &  0.137052 &    0.092524 \\
fracRareCommon      &  0.035638 &  0.003480 &  0.303640 &  -0.455384 &        1.000000 &          0.054564 & -0.067753 & -0.107766 &   -0.064663 \\
numTFBSConserved    &  0.053029 &  0.005004 &  0.074661 &  -0.001288 &        0.054564 &          1.000000 & -0.009849 & -0.001949 &   -0.005997 \\
ISCApath            & -0.017348 & -0.004767 &  0.007238 &   0.056382 &       -0.067753 &         -0.009849 &  1.000000 &  0.135211 &    0.634912 \\
DGVCount            & -0.030078 & -0.008968 &  0.061436 &   0.137052 &       -0.107766 &         -0.001949 &  0.135211 &  1.000000 &    0.166866 \\
dbVARCount          & -0.024249 & -0.007946 &  0.039885 &   0.092524 &       -0.064663 &         -0.005997 &  0.634912 &  0.166866 &    1.000000 \\
\bottomrule
\end{tabular}
